      0/99     3.68G   0.07537   0.02379   0.02739    0.1266       179       640   0.01243   0.05067  0.003386 0.0005945   0.09881   0.03502   0.02897
      1/99     15.1G   0.06283   0.02553   0.02194    0.1103       113       640    0.1319    0.1595   0.09946   0.02769   0.08859   0.03655   0.02668
      2/99     15.1G   0.05544   0.02406   0.01678   0.09629       148       640    0.4002    0.2196    0.1507   0.04501   0.08571   0.03436    0.0242
      3/99     15.1G   0.05301   0.02096   0.01356   0.08753        90       640    0.2175    0.4401    0.2433   0.06848   0.08506   0.03192    0.0216
      4/99     15.1G   0.05484    0.0199   0.01203   0.08677       111       640    0.4639    0.4575    0.4399    0.1556   0.08128   0.03188   0.02026
      5/99     15.1G   0.04962    0.0187  0.009921   0.07824       103       640    0.4667    0.6073    0.5335    0.2197    0.0801   0.03032   0.01896
      6/99     15.1G   0.04803   0.01843  0.008719   0.07518       135       640    0.5458    0.6444    0.5564     0.223   0.07632   0.02977   0.01726
      7/99     15.1G   0.04498   0.01775  0.007634   0.07036        81       640    0.3285    0.6922    0.4082    0.1347   0.08233   0.02828   0.01678
      8/99     15.1G   0.04424   0.01689  0.006901   0.06803       118       640    0.6275    0.6885    0.6788    0.2698   0.07183   0.02963   0.01575
      9/99     15.1G   0.04102   0.01661  0.006497   0.06413       106       640     0.613    0.6823    0.6647    0.2661   0.07441   0.02979   0.01541
     10/99     15.1G    0.0379    0.0161  0.005358   0.05936       118       640    0.7024    0.7712    0.7547    0.3727   0.06395    0.0306   0.01427
     11/99     15.1G   0.04105   0.01577  0.005335   0.06216       161       640    0.6105    0.7146     0.652     0.252   0.07449   0.02991   0.01414
     12/99     15.1G   0.04028   0.01475  0.005392   0.06042       107       640    0.7015    0.8079    0.7713    0.3839   0.06676   0.02976   0.01347
     13/99     15.1G   0.03585   0.01504  0.004406   0.05529       146       640    0.7697    0.8136    0.8157    0.3919   0.06449   0.03165   0.01283
     14/99     15.1G   0.03619   0.01446  0.003961   0.05461       121       640    0.7451    0.7776    0.7669    0.3891    0.0624   0.03325   0.01287
     15/99     15.1G   0.03378   0.01463  0.003697   0.05212       135       640    0.7832    0.8549     0.829    0.4515   0.05724   0.03352   0.01234
     16/99     15.1G   0.03248   0.01421  0.003026   0.04972       117       640    0.8187    0.8136    0.8221    0.4172   0.05891   0.03355   0.01214
     17/99     15.1G   0.03103   0.01324  0.003078   0.04735       102       640    0.7759    0.8037    0.8219    0.4015   0.05814   0.03371   0.01223
     18/99     15.1G   0.02928   0.01313  0.002729   0.04514       114       640    0.7697    0.8497    0.8246    0.4478   0.05591   0.03445   0.01177
     19/99     15.1G   0.02971   0.01317  0.002677   0.04556        85       640    0.8039    0.8492    0.8543    0.4715   0.05574   0.03452    0.0119
     20/99     15.1G   0.03164   0.01324  0.002869   0.04775       116       640    0.8049    0.7934    0.8035    0.4109   0.05809   0.03532   0.01164
     21/99     15.1G   0.02858    0.0129  0.002551   0.04404        98       640    0.8073     0.799     0.825    0.4536   0.05538   0.03686   0.01188
     22/99     15.1G   0.02877   0.01269  0.002348   0.04381       109       640    0.8208    0.7547    0.8039    0.4205   0.05559    0.0385   0.01234
     23/99     15.1G   0.02814   0.01323  0.002247   0.04362        91       640    0.7773    0.8307     0.831     0.453   0.05602   0.03605   0.01124
     24/99     15.1G   0.02771   0.01275  0.002096   0.04256       119       640    0.8277    0.7922    0.8296     0.446   0.05795   0.03572   0.01168
     25/99     15.1G   0.02659   0.01282  0.002137   0.04155       112       640    0.8169    0.8177    0.8309    0.4598   0.05467   0.03617   0.01114
     26/99     15.1G   0.02731   0.01385  0.002175   0.04334        90       640     0.821    0.8097    0.8387    0.4408   0.05591   0.03608    0.0109
     27/99     15.1G   0.02696   0.01302  0.002091   0.04208       195       640    0.8271    0.8309    0.8521    0.4582   0.05685   0.03498   0.01081
     28/99     15.1G   0.02652    0.0132  0.001907   0.04163       104       640    0.8229    0.8196    0.8391    0.4555   0.05656   0.03596   0.01088
     29/99     15.1G   0.02595   0.01281  0.001884   0.04064       136       640    0.8324    0.8374    0.8542    0.4654   0.05433   0.03754   0.01074
     30/99     15.1G   0.02535    0.0124  0.001653   0.03939       107       640    0.8663    0.8356    0.8563    0.4803   0.05141   0.03901   0.01028
     31/99     15.1G   0.02475   0.01303   0.00174   0.03952       123       640    0.8462    0.8105    0.8574    0.4842   0.05114   0.03933    0.0104
     32/99     15.1G   0.02494   0.01282  0.001775   0.03953       137       640    0.8152    0.8285    0.8366    0.4849   0.05215   0.03899   0.01005
     33/99     15.1G   0.02482   0.01228  0.001511   0.03861       117       640    0.7635    0.8296    0.8063    0.4282   0.05254   0.03822   0.01002
     34/99     15.1G   0.02518    0.0121  0.001578   0.03886       149       640    0.8211    0.8423    0.8499    0.4822   0.05191   0.03861  0.009995
     35/99     15.1G   0.02425    0.0117  0.001507   0.03746       130       640    0.8295    0.8126    0.8243     0.453   0.05195   0.04075   0.01008
     36/99     15.1G   0.02414   0.01218   0.00142   0.03774       121       640    0.8456    0.8187    0.8457    0.4667   0.05101   0.03864  0.009768
     37/99     15.1G   0.02371   0.01185  0.001369   0.03693       185       640    0.8371    0.8734    0.8673    0.4892   0.05199   0.03803  0.009438
     38/99     15.1G   0.02368   0.01227  0.001332   0.03728       119       640    0.8515    0.8233     0.857    0.4786   0.05252   0.03756  0.009726
     39/99     15.1G   0.02334   0.01116  0.001244   0.03574       119       640    0.8219    0.8451    0.8483    0.4742   0.05655   0.03541  0.009343
     40/99     15.1G   0.02368   0.01168  0.001304   0.03667       123       640    0.8309    0.8562    0.8484    0.4795   0.05544   0.03544  0.009388
     41/99     15.1G   0.02295   0.01162  0.001441   0.03602       180       640    0.8238    0.8543    0.8519    0.4784   0.05113   0.03948  0.009621
     42/99     15.1G   0.02318   0.01141  0.001201   0.03579       153       640    0.8126    0.8295    0.8444    0.4767   0.05148     0.039  0.009967
     43/99     15.1G   0.02286   0.01134  0.001332   0.03553       100       640     0.865    0.7934     0.845    0.4793   0.05168   0.03813   0.00978
     44/99     15.1G   0.02253   0.01143  0.001218   0.03517       123       640     0.867    0.8163    0.8389    0.4926   0.05185   0.03877  0.009401
     45/99     15.1G   0.02253   0.01147  0.001079   0.03508        85       640    0.8506    0.8396     0.849    0.4973   0.05215   0.03856  0.009371
     46/99     15.1G     0.022   0.01145   0.00118   0.03463       111       640    0.8428    0.8088    0.8474    0.4802    0.0529   0.03802  0.009174
     47/99     15.1G   0.02242   0.01143  0.001204   0.03505       124       640    0.8578    0.8069    0.8631    0.4966   0.05229   0.03739  0.008899
     48/99     15.1G   0.02197   0.01191  0.001187   0.03507       166       640    0.8251    0.8487    0.8456    0.4767   0.05386   0.03811  0.009015
     49/99     15.1G   0.02198   0.01076  0.000994   0.03373       102       640    0.8407    0.8532    0.8561    0.4891   0.05638    0.0351  0.009047
     50/99     15.1G   0.02175   0.01142  0.001084   0.03425       111       640    0.8439    0.8278    0.8441    0.4723   0.05676   0.03611   0.00889
     51/99     15.1G   0.02126   0.01114 0.0009328   0.03333        90       640    0.8407    0.7858    0.8225    0.4719    0.0562    0.0379  0.009208
     52/99     15.1G   0.02125   0.01122  0.001039   0.03351       132       640    0.8379    0.8356    0.8446    0.4855    0.0559   0.03683  0.008923
     53/99     15.1G   0.02089   0.01087 0.0008968   0.03265       196       640    0.8279    0.8544    0.8537    0.4873   0.05547   0.03654  0.008841
     54/99     15.1G   0.02097   0.01032  0.001022   0.03232       133       640    0.8757    0.7917    0.8437    0.4775   0.05432   0.03919  0.008803
     55/99     15.1G   0.02055   0.01076 0.0009438   0.03225        96       640    0.8721    0.8491    0.8727    0.4973   0.05453   0.03667  0.008656
     56/99     15.1G   0.02051   0.01072  0.001106   0.03234       105       640    0.8709    0.8554    0.8731    0.5039   0.05259    0.0381  0.008539
     57/99     15.1G   0.02032   0.01031 0.0008809   0.03152       159       640    0.8825    0.8496    0.8699    0.5003     0.052   0.03883  0.008564
     58/99     15.1G   0.02011   0.01041 0.0008943   0.03141       166       640    0.8683    0.8657    0.8643    0.4955   0.05308   0.03794  0.008584
     59/99     15.1G   0.02051   0.01069 0.0009918   0.03219       133       640    0.8592    0.8691    0.8697    0.4948   0.05226   0.03832  0.008615
     60/99     15.1G   0.02003   0.01029 0.0008171   0.03114       164       640    0.8786    0.8547    0.8665    0.4956   0.05004   0.04039  0.008579
     61/99     15.1G   0.01959   0.01006 0.0008264   0.03048       146       640    0.8497    0.8421    0.8463    0.4892   0.04944    0.0405  0.008889
     62/99     15.1G   0.01969   0.01032 0.0008078   0.03082       106       640    0.8735    0.8318    0.8692    0.4988   0.04882   0.04011  0.008383
     63/99     15.1G   0.01987   0.01054 0.0008991   0.03131       105       640     0.858    0.8673    0.8559    0.4936   0.04853   0.04043  0.008386
     64/99     15.1G   0.01936   0.01033  0.000846   0.03053       111       640    0.8511    0.8428     0.849    0.4877   0.04935   0.04097  0.008384
     65/99     15.1G   0.01959   0.01035  0.000857   0.03079       102       640    0.8493     0.863    0.8448    0.4913   0.04965   0.04066   0.00839
     66/99     15.1G   0.01935  0.009847 0.0008088   0.03001        73       640    0.8523    0.8478    0.8409    0.4908   0.04893   0.04091   0.00828
     67/99     15.1G   0.01916   0.01023 0.0007988   0.03019       133       640    0.8297    0.8532    0.8409     0.482   0.04875   0.04204   0.00805
     68/99     15.1G   0.01872   0.01027 0.0007154   0.02971       109       640    0.8777    0.8351    0.8578    0.4996   0.04799   0.04156  0.008192
     69/99     15.1G   0.01873    0.0101 0.0008172   0.02965        99       640    0.8505    0.8488    0.8473    0.4819   0.04846   0.04172  0.008116
     70/99     15.1G   0.01872  0.009664 0.0008042   0.02919        84       640    0.8615    0.8545    0.8487    0.4807    0.0485   0.04213  0.007946
     71/99     15.1G   0.01843  0.009821 0.0008076   0.02906       154       640    0.8446    0.8723    0.8586    0.4919   0.04862   0.04159  0.008026
     72/99     15.1G    0.0187  0.009897 0.0007131   0.02931       103       640    0.8595    0.8597    0.8623    0.4925   0.04833   0.04154  0.007936
     73/99     15.1G   0.01823  0.009573 0.0006979    0.0285       151       640    0.8761      0.84    0.8481     0.481   0.04933   0.04233  0.007889
     74/99     15.1G   0.01807   0.01004  0.000716   0.02882        98       640    0.8724    0.8656    0.8613    0.4795   0.04868   0.04208  0.007766
     75/99     15.1G   0.01814  0.009798 0.0007072   0.02865       171       640    0.8414    0.8701    0.8594    0.4887   0.04836   0.04148  0.007881
     76/99     15.1G   0.01786  0.009549 0.0006638   0.02807       151       640    0.8682    0.8388    0.8519    0.4882   0.04784   0.04249   0.00792
     77/99     15.1G   0.01802  0.009574 0.0007104   0.02831        88       640    0.8732     0.829    0.8585    0.4875   0.04745   0.04338  0.007855
     78/99     15.1G   0.01818  0.009319 0.0007278   0.02822        96       640    0.8558     0.863    0.8556    0.4882   0.04694   0.04342  0.007896
     79/99     15.1G   0.01767  0.009958 0.0006367   0.02827       175       640    0.8341    0.8757    0.8682    0.4894   0.04644   0.04314  0.007785
     80/99     15.1G    0.0177  0.009779  0.000785   0.02826       145       640    0.8309     0.862    0.8556    0.4868   0.04734   0.04336  0.007909
     81/99     15.1G   0.01703  0.009284 0.0005877    0.0269        70       640    0.8688    0.8453    0.8642    0.4952   0.04601   0.04344  0.007598
     82/99     15.1G   0.01747  0.009597 0.0007195   0.02779       118       640    0.8427    0.8726    0.8495    0.4881   0.04601   0.04318  0.007579
     83/99     15.1G   0.01733  0.009462 0.0007511   0.02754       133       640    0.8376    0.8669    0.8468    0.4851   0.04597     0.043  0.007488
     84/99     15.1G   0.01704  0.009206  0.000668   0.02691       100       640    0.8526    0.8777    0.8713    0.4996   0.04594   0.04281  0.007472
     85/99     15.1G   0.01677  0.009299 0.0005985   0.02667       153       640    0.8375    0.8781    0.8642    0.4944   0.04566   0.04288  0.007512
     86/99     15.1G   0.01697  0.009625 0.0007317   0.02733       104       640    0.8537    0.8435    0.8482    0.4903   0.04593   0.04299  0.007491
     87/99     15.1G   0.01726  0.008719 0.0007088   0.02669       127       640    0.8415    0.8597    0.8492    0.4898   0.04596   0.04351  0.007775
     88/99     15.1G   0.01692  0.008951 0.0005463   0.02642        80       640    0.8645    0.8483    0.8496     0.485   0.04638   0.04406  0.007753
     89/99     15.1G   0.01699   0.00964 0.0006659    0.0273       165       640    0.8532    0.8631    0.8517    0.4891   0.04614    0.0438  0.007764
     90/99     15.1G   0.01693  0.009407 0.0006985   0.02704       100       640    0.8716    0.8478    0.8567    0.4944   0.04596   0.04374  0.007593
     91/99     15.1G   0.01672  0.009335 0.0007045   0.02676       151       640    0.8608    0.8362    0.8467    0.4838   0.04601   0.04466  0.007552
     92/99     15.1G   0.01656  0.008982 0.0006864   0.02623       156       640    0.8654    0.8452    0.8578    0.4876   0.04566   0.04388  0.007396
     93/99     15.1G   0.01703  0.009084 0.0006889    0.0268       100       640    0.8497    0.8708    0.8573    0.4935   0.04512   0.04338  0.007497
     94/99     15.1G   0.01656  0.008903 0.0005838   0.02604       134       640    0.8714    0.8436    0.8609    0.4932   0.04532   0.04392   0.00734
     95/99     15.1G   0.01671  0.009317 0.0006419   0.02667       151       640    0.8887    0.8285    0.8602    0.4907   0.04556   0.04429  0.007283
     96/99     15.1G   0.01679  0.009246 0.0006724   0.02671       109       640    0.8659    0.8663    0.8703     0.496   0.04532   0.04371    0.0073
     97/99     15.1G   0.01669  0.009153 0.0006134   0.02646       229       640    0.8864    0.8553    0.8683    0.4928   0.04523    0.0438  0.007348
     98/99     15.1G   0.01647  0.009106 0.0005883   0.02616       147       640    0.8675    0.8672    0.8706    0.4971    0.0451   0.04378  0.007285
     99/99     15.1G   0.01649  0.009331 0.0006335   0.02646       131       640    0.8735    0.8614    0.8597    0.4956   0.04528   0.04377    0.0072
